
Метод Гаусса:

Результат:
    2
 -4.5
    0
  2.5

Определитель: 1

Вектор невязки e*:
A:
    3    2    2    2
    2    3    2    5
    9    1    5   -5
    2    2    3    4

* x:
    2
 -4.5
    0
  2.5
--------------------------
    2
    3
    1
    5
-
    2
    3
    1
    5
--------------------------
    0
    0
    0
    0

Евклидова норма вектора невязки: 0

Обратная матрица:
         7  -4.66667  -1.33333  0.666667
     -10.5   7.83333   2.16667  -1.83333
        -5         3         1         0
       5.5  -3.83333  -1.16667  0.833333

Метод Гаусса:

Результат:
    2
 -4.5
    0
  2.5

Определитель: 1

Вектор невязки e*:
A:
    3    2    2    2
    2    3    2    5
    9    1    5   -5
    2    2    3    4

* x:
    2
 -4.5
    0
  2.5
--------------------------
    2
    3
    1
    5
-
    2
    3
    1
    5
--------------------------
    0
    0
    0
    0

Евклидова норма вектора невязки: 0

Обратная матрица:
         7  -4.66667  -1.33333  0.666667
     -10.5   7.83333   2.16667  -1.83333
        -5         3         1         0
       5.5  -3.83333  -1.16667  0.833333

Метод Гаусса:

Результат:
    2
 -4.5
    0
  2.5

Определитель: 6

Вектор невязки e*:
A:
    3    2    2    2
    2    3    2    5
    9    1    5   -5
    2    2    3    4

* x:
    2
 -4.5
    0
  2.5
--------------------------
    2
    3
    1
    5
-
    2
    3
    1
    5
--------------------------
    0
    0
    0
    0

Евклидова норма вектора невязки: 0

Обратная матрица:
         7  -4.66667  -1.33333  0.666667
     -10.5   7.83333   2.16667  -1.83333
        -5         3         1         0
       5.5  -3.83333  -1.16667  0.833333

Метод Гаусса:

Результат:
    2
 -4.5
    0
  2.5

Определитель: 6

Вектор невязки e*:
A:
    3    2    2    2
    2    3    2    5
    9    1    5   -5
    2    2    3    4

* x:
    2
 -4.5
    0
  2.5
--------------------------
    2
    3
    1
    5
-
    2
    3
    1
    5
--------------------------
    0
    0
    0
    0

Евклидова норма вектора невязки: 0

Обратная матрица:
         7  -4.66667  -1.33333  0.666667
     -10.5   7.83333   2.16667  -1.83333
        -5         3         1         0
       5.5  -3.83333  -1.16667  0.833333

Метод Гаусса:

Результат:
    2
 -4.5
    0
  2.5

Определитель: 6

Вектор невязки e*:
A:
    3    2    2    2
    2    3    2    5
    9    1    5   -5
    2    2    3    4

* x:
    2
 -4.5
    0
  2.5
--------------------------
    2
    3
    1
    5
-
    2
    3
    1
    5
--------------------------
    0
    0
    0
    0

Евклидова норма вектора невязки: 0

Обратная матрица:
         7  -4.66667  -1.33333  0.666667
     -10.5   7.83333   2.16667  -1.83333
        -5         3         1         0
       5.5  -3.83333  -1.16667  0.833333

Метод Гаусса:

Результат:
    2
 -4.5
    0
  2.5

Определитель: 6

Вектор невязки e*:
A:
    3    2    2    2
    2    3    2    5
    9    1    5   -5
    2    2    3    4

* x:
    2
 -4.5
    0
  2.5
--------------------------
    2
    3
    1
    5
-
    2
    3
    1
    5
--------------------------
    0
    0
    0
    0

Евклидова норма вектора невязки: 0

Обратная матрица:
         7  -4.66667  -1.33333  0.666667
     -10.5   7.83333   2.16667  -1.83333
        -5         3         1         0
       5.5  -3.83333  -1.16667  0.833333

Метод Гаусса:

Результат:
    2
 -4.5
    0
  2.5

Определитель: 6

Вектор невязки e*:
A:
    3    2    2    2
    2    3    2    5
    9    1    5   -5
    2    2    3    4

* x:
    2
 -4.5
    0
  2.5
--------------------------
    2
    3
    1
    5
-
    2
    3
    1
    5
--------------------------
    0
    0
    0
    0

Евклидова норма вектора невязки: 0

Обратная матрица:
         7  -4.66667  -1.33333  0.666667
     -10.5   7.83333   2.16667  -1.83333
        -5         3         1         0
       5.5  -3.83333  -1.16667  0.833333

Метод Гаусса:

Результат:
    2
 -4.5
    0
  2.5

Определитель: 6

Вектор невязки e*:
A:
    3    2    2    2
    2    3    2    5
    9    1    5   -5
    2    2    3    4

* x:
    2
 -4.5
    0
  2.5
--------------------------
    2
    3
    1
    5
-
    2
    3
    1
    5
--------------------------
    0
    0
    0
    0

Евклидова норма вектора невязки: 0

Обратная матрица:
         7  -4.66667  -1.33333  0.666667
     -10.5   7.83333   2.16667  -1.83333
        -5         3         1         0
       5.5  -3.83333  -1.16667  0.833333

Метод Декомпозиции:

Результат:
    3
    1
   -1

Определитель: 1

Вектор невязки e*:
A:
    2    3   -7
    1    1   -2
    5    2    1

* x:
    3
    1
   -1
--------------------------
   16
    6
   16
-
   16
    6
   16
--------------------------
    0
    0
    0

Евклидова норма вектора невязки: 0

Метод Декомпозиции:

Результат:
    3
    1
   -1

Определитель: 1

Вектор невязки e*:
A:
    2    3   -7
    1    1   -2
    5    2    1

* x:
    3
    1
   -1
--------------------------
   16
    6
   16
-
   16
    6
   16
--------------------------
    0
    0
    0

Евклидова норма вектора невязки: 0

Метод Декомпозиции:

Результат:
    3
    1
   -1

Определитель: 1

Вектор невязки e*:
A:
    2    3   -7
    1    1   -2
    5    2    1

* x:
    3
    1
   -1
--------------------------
   16
    6
   16
-
   16
    6
   16
--------------------------
    0
    0
    0

Евклидова норма вектора невязки: 0

Обратная матрица:
      -2.5       8.5      -0.5
       5.5     -18.5       1.5
       1.5      -5.5       0.5

Метод Декомпозиции:

Результат:
    3
    1
   -1

Определитель: -2

Вектор невязки e*:
A:
    2    3   -7
    1    1   -2
    5    2    1

* x:
    3
    1
   -1
--------------------------
   16
    6
   16
-
   16
    6
   16
--------------------------
    0
    0
    0

Евклидова норма вектора невязки: 0

Обратная матрица:
      -2.5       8.5      -0.5
       5.5     -18.5       1.5
       1.5      -5.5       0.5
