
Метод Гаусса:

Результат:
    2
 -4.5
    0
  2.5

Определитель: 1

Вектор невязки e*:
A:
    3    2    2    2
    2    3    2    5
    9    1    5   -5
    2    2    3    4

* x:
    2
 -4.5
    0
  2.5
--------------------------
    2
    3
    1
    5
-
    2
    3
    1
    5
--------------------------
    0
    0
    0
    0

Евклидова норма вектора невязки: 0

Обратная матрица:
         7  -4.66667  -1.33333  0.666667
     -10.5   7.83333   2.16667  -1.83333
        -5         3         1         0
       5.5  -3.83333  -1.16667  0.833333

Метод Гаусса:

Результат:
    2
 -4.5
    0
  2.5

Определитель: 1

Вектор невязки e*:
A:
    3    2    2    2
    2    3    2    5
    9    1    5   -5
    2    2    3    4

* x:
    2
 -4.5
    0
  2.5
--------------------------
    2
    3
    1
    5
-
    2
    3
    1
    5
--------------------------
    0
    0
    0
    0

Евклидова норма вектора невязки: 0

Обратная матрица:
         7  -4.66667  -1.33333  0.666667
     -10.5   7.83333   2.16667  -1.83333
        -5         3         1         0
       5.5  -3.83333  -1.16667  0.833333

Метод Гаусса:

Результат:
    2
 -4.5
    0
  2.5

Определитель: 6

Вектор невязки e*:
A:
    3    2    2    2
    2    3    2    5
    9    1    5   -5
    2    2    3    4

* x:
    2
 -4.5
    0
  2.5
--------------------------
    2
    3
    1
    5
-
    2
    3
    1
    5
--------------------------
    0
    0
    0
    0

Евклидова норма вектора невязки: 0

Обратная матрица:
         7  -4.66667  -1.33333  0.666667
     -10.5   7.83333   2.16667  -1.83333
        -5         3         1         0
       5.5  -3.83333  -1.16667  0.833333

Метод Гаусса:

Результат:
    2
 -4.5
    0
  2.5

Определитель: 6

Вектор невязки e*:
A:
    3    2    2    2
    2    3    2    5
    9    1    5   -5
    2    2    3    4

* x:
    2
 -4.5
    0
  2.5
--------------------------
    2
    3
    1
    5
-
    2
    3
    1
    5
--------------------------
    0
    0
    0
    0

Евклидова норма вектора невязки: 0

Обратная матрица:
         7  -4.66667  -1.33333  0.666667
     -10.5   7.83333   2.16667  -1.83333
        -5         3         1         0
       5.5  -3.83333  -1.16667  0.833333

Метод Гаусса:

Результат:
    2
 -4.5
    0
  2.5

Определитель: 6

Вектор невязки e*:
A:
    3    2    2    2
    2    3    2    5
    9    1    5   -5
    2    2    3    4

* x:
    2
 -4.5
    0
  2.5
--------------------------
    2
    3
    1
    5
-
    2
    3
    1
    5
--------------------------
    0
    0
    0
    0

Евклидова норма вектора невязки: 0

Обратная матрица:
         7  -4.66667  -1.33333  0.666667
     -10.5   7.83333   2.16667  -1.83333
        -5         3         1         0
       5.5  -3.83333  -1.16667  0.833333

Метод Гаусса:

Результат:
    2
 -4.5
    0
  2.5

Определитель: 6

Вектор невязки e*:
A:
    3    2    2    2
    2    3    2    5
    9    1    5   -5
    2    2    3    4

* x:
    2
 -4.5
    0
  2.5
--------------------------
    2
    3
    1
    5
-
    2
    3
    1
    5
--------------------------
    0
    0
    0
    0

Евклидова норма вектора невязки: 0

Обратная матрица:
         7  -4.66667  -1.33333  0.666667
     -10.5   7.83333   2.16667  -1.83333
        -5         3         1         0
       5.5  -3.83333  -1.16667  0.833333

Метод Гаусса:

Результат:
    2
 -4.5
    0
  2.5

Определитель: 6

Вектор невязки e*:
A:
    3    2    2    2
    2    3    2    5
    9    1    5   -5
    2    2    3    4

* x:
    2
 -4.5
    0
  2.5
--------------------------
    2
    3
    1
    5
-
    2
    3
    1
    5
--------------------------
    0
    0
    0
    0

Евклидова норма вектора невязки: 0

Обратная матрица:
         7  -4.66667  -1.33333  0.666667
     -10.5   7.83333   2.16667  -1.83333
        -5         3         1         0
       5.5  -3.83333  -1.16667  0.833333

Метод Гаусса:

Результат:
    2
 -4.5
    0
  2.5

Определитель: 6

Вектор невязки e*:
A:
    3    2    2    2
    2    3    2    5
    9    1    5   -5
    2    2    3    4

* x:
    2
 -4.5
    0
  2.5
--------------------------
    2
    3
    1
    5
-
    2
    3
    1
    5
--------------------------
    0
    0
    0
    0

Евклидова норма вектора невязки: 0

Обратная матрица:
         7  -4.66667  -1.33333  0.666667
     -10.5   7.83333   2.16667  -1.83333
        -5         3         1         0
       5.5  -3.83333  -1.16667  0.833333
